obsFrequencies = [ 0, 0, 0, 0, 0, 0, 0, 0, 0, 0, 0, 0, 0, 0, 0, 0, 0, 0, 0, 0, 0, 0, 0, 0, 0, 0, 0, 0, 0, 0, 0, 0; 0, 0, 0, 0, 0, 0, 0, 0, 0, 0, 0, 0, 0, 0, 0, 0, 0, 0, 0, 0, 0, 0, 0, 0, 0, 0, 0, 0, 0, 0, 0, 0; 0, 0, 0, 0, 0, 0, 0, 0, 0, 0, 0, 0, 0, 0, 0, 0, 0, 0, 0, 0, 0, 0, 0, 0, 0, 0, 0, 0, 0, 0, 0, 0; 0, 0, 0, 0, 0, 0, 0, 0, 0, 0, 3, 43, 134, 178, 105, 30, 1, 0, 0, 0, 0, 0, 0, 2, 1, 0, 0, 0, 0, 0, 0, 0; 0, 2, 13, 5, 0, 0, 0, 0, 1, 83, 578, 989, 1151, 1167, 1108, 946, 413, 22, 0, 0, 13, 224, 462, 532, 296, 181, 55, 0, 0, 0, 0, 0; 351, 658, 763, 751, 443, 118, 2, 0, 114, 912, 1129, 1165, 1163, 1240, 1153, 1192, 1131, 697, 23, 62, 744, 1155, 1228, 1186, 1187, 1099, 893, 353, 4, 0, 0, 30; 1065, 1169, 1128, 1157, 1143, 1053, 364, 22, 808, 1159, 1198, 1192, 1186, 1184, 1220, 1179, 1198, 1143, 522, 950, 1207, 1252, 1253, 1182, 1164, 1233, 1200, 1114, 342, 0, 103, 730; 1127, 1157, 1118, 1092, 1085, 1134, 1056, 570, 1143, 1160, 1061, 1215, 1114, 1092, 1209, 1193, 1224, 1254, 1130, 1263, 1185, 1244, 1161, 1244, 1288, 1195, 1143, 1126, 1036, 155, 832, 1098; 1146, 1066, 1066, 1065, 1038, 1010, 1011, 1016, 1159, 1156, 1160, 1172, 1178, 1162, 1231, 1237, 1241, 1199, 1224, 1260, 1141, 1232, 1204, 1163, 1138, 1109, 1171, 1160, 1165, 828, 1212, 1111; 1098, 1098, 1081, 1093, 1077, 1013, 1033, 1114, 1211, 1081, 1136, 1097, 1188, 1232, 1229, 1246, 1258, 1238, 1256, 1243, 1205, 1249, 1277, 1204, 1253, 1139, 1170, 1124, 1166, 1161, 1200, 1203; 1139, 1128, 1179, 1064, 1133, 1073, 1101, 1199, 1167, 1094, 1128, 1155, 1188, 1241, 1292, 1250, 1305, 1246, 1262, 1192, 1178, 1251, 1301, 1236, 1228, 1224, 1222, 1156, 1082, 1182, 1236, 1210; 1147, 1200, 1182, 1114, 1153, 1150, 1166, 1203, 1174, 1205, 1260, 1243, 1248, 1275, 1337, 1277, 1279, 1214, 1309, 1241, 1261, 1255, 1267, 1261, 1244, 1301, 1211, 1236, 1096, 1223, 1200, 1258; 1159, 1190, 1206, 1139, 1161, 1190, 1140, 1179, 1295, 1179, 1204, 1256, 1261, 1269, 1210, 1275, 1292, 1293, 1275, 1230, 1320, 1304, 1315, 1235, 1236, 1224, 1215, 1180, 1162, 1219, 1221, 1215; 1132, 1109, 1230, 1208, 1254, 1330, 1191, 1252, 1221, 1264, 1236, 1281, 1221, 1310, 1253, 1299, 1315, 1274, 1314, 1199, 1375, 1328, 1257, 1150, 1270, 1196, 1268, 1176, 1232, 1214, 1295, 1239; 1089, 1156, 1256, 1304, 1272, 1246, 1289, 1264, 1249, 1291, 1295, 1307, 1240, 1287, 1265, 1355, 1284, 1395, 1321, 1261, 1362, 1299, 1208, 1224, 1226, 1271, 1239, 1230, 1148, 1143, 1195, 1260; 734, 993, 1137, 1270, 1217, 1263, 1245, 1146, 1225, 1240, 1242, 1275, 1300, 1312, 1422, 1416, 1456, 1412, 1264, 1209, 1284, 1194, 1083, 1031, 1069, 1054, 1067, 1127, 966, 662, 472, 667; 392, 524, 719, 726, 690, 527, 491, 512, 542, 497, 582, 639, 1090, 1290, 1482, 1914, 2005, 1871, 1077, 663, 776, 843, 726, 872, 821, 673, 483, 276, 318, 310, 276, 325; 300, 322, 307, 307, 226, 256, 285, 293, 303, 480, 832, 1119, 1370, 1398, 2020, 3538, 3142, 2143, 1711, 629, 490, 508, 534, 594, 568, 598, 515, 317, 225, 239, 229, 252; 198, 198, 305, 426, 327, 265, 350, 379, 429, 464, 1016, 1042, 1475, 1734, 3227, 5316, 3349, 2353, 2212, 1455, 1049, 936, 974, 952, 749, 721, 715, 531, 339, 242, 165, 184; 486, 990, 1160, 1263, 1301, 1201, 1269, 1226, 1277, 1237, 1631, 1474, 1663, 1831, 3673, 3935, 3132, 2251, 2257, 1803, 1415, 1431, 1413, 1279, 1174, 1032, 932, 839, 625, 410, 263, 294; 1268, 1362, 1360, 1475, 1313, 1325, 1311, 1344, 1412, 1462, 1520, 1505, 1570, 2078, 2671, 3189, 3049, 2416, 2145, 1936, 1604, 1475, 1388, 1281, 1194, 1118, 1062, 971, 847, 820, 997, 1146; 1473, 1551, 1475, 1586, 1377, 1403, 1295, 1376, 1456, 1362, 1419, 1579, 1603, 1954, 2216, 2470, 2711, 2527, 1971, 1982, 1780, 1531, 1316, 1225, 1149, 1157, 1033, 960, 840, 934, 1219, 1393; 1422, 1517, 1373, 1332, 1165, 1228, 1249, 1292, 1348, 1365, 1346, 1472, 1588, 1821, 2142, 2147, 2339, 2432, 1866, 1772, 1668, 1594, 1417, 1226, 1106, 1014, 1050, 959, 1008, 1030, 1165, 1471; 1336, 1336, 1246, 1146, 1203, 1244, 1207, 1277, 1258, 1288, 1352, 1426, 1520, 1834, 2059, 2143, 2166, 2258, 2022, 1606, 1568, 1491, 1513, 1301, 1074, 1041, 1024, 916, 837, 847, 935, 1319; 1211, 1151, 1074, 1093, 1075, 1120, 1237, 1195, 1257, 1232, 1320, 1304, 1405, 1618, 1694, 1999, 2157, 2204, 1954, 1629, 1551, 1557, 1458, 1199, 1063, 1010, 1002, 971, 867, 821, 846, 997; 1149, 1093, 1073, 1004, 1043, 1101, 1172, 1129, 1214, 1282, 1312, 1309, 1288, 1532, 1451, 1580, 1831, 1876, 1873, 1588, 1548, 1434, 1361, 1197, 1060, 1089, 1059, 1044, 954, 816, 898, 1058; 1083, 1017, 1025, 1046, 1025, 1177, 1094, 1240, 1238, 1336, 1307, 1359, 1390, 1401, 1389, 1366, 1541, 1582, 1628, 1713, 1630, 1402, 1274, 1093, 996, 980, 1029, 963, 904, 880, 860, 889; 975, 1070, 1051, 1042, 1132, 1131, 1156, 1171, 1243, 1319, 1341, 1300, 1311, 1291, 1314, 1395, 1416, 1497, 1480, 1484, 1313, 1295, 1224, 1078, 1058, 995, 968, 945, 890, 865, 881, 941; 1006, 1040, 1052, 1072, 1109, 1117, 1234, 1304, 1244, 1263, 1271, 1328, 1273, 1244, 1206, 1301, 1298, 1403, 1326, 1318, 1264, 1209, 1199, 1194, 1035, 988, 935, 904, 875, 865, 927, 927; 1033, 1069, 1062, 1080, 1118, 1094, 1156, 1225, 1180, 1210, 1192, 1180, 1217, 1244, 1230, 1223, 1236, 1203, 1280, 1190, 1160, 1191, 1100, 1101, 1090, 982, 947, 910, 909, 876, 917, 1001; 1038, 1061, 1073, 1028, 1044, 1074, 1073, 1187, 1131, 1184, 1171, 1193, 1103, 1168, 1102, 1107, 1159, 1135, 1114, 1166, 1126, 1044, 1111, 1070, 1024, 1018, 932, 979, 937, 936, 959, 1025; 1030, 1060, 1029, 1086, 1053, 1079, 1119, 1048, 1059, 1085, 1101, 1030, 1063, 1057, 1075, 1054, 1092, 1087, 1069, 1046, 1065, 1030, 1012, 1072, 1072, 1071, 1018, 1027, 1012, 1004, 1011, 1006 ];
