obsFrequencies = [ 0, 0, 0, 0, 0, 0, 0, 0, 0, 0, 0, 0, 0, 0, 0, 0, 0, 0, 0, 0, 0, 0, 0, 0, 0, 0, 0, 0, 0, 0, 0, 0, 0, 0, 0, 0, 0, 0, 0, 0, 0, 0, 0, 0, 0, 0, 0, 0, 0, 0, 0; 0, 0, 0, 0, 0, 0, 0, 0, 0, 0, 0, 0, 0, 0, 0, 0, 0, 0, 0, 0, 0, 0, 0, 0, 0, 0, 0, 0, 0, 0, 0, 0, 0, 0, 0, 0, 0, 0, 0, 0, 0, 0, 0, 0, 0, 0, 0, 0, 0, 0, 0; 0, 0, 0, 0, 0, 0, 0, 0, 0, 0, 0, 0, 0, 0, 0, 0, 0, 0, 0, 0, 0, 0, 0, 0, 0, 0, 0, 0, 0, 0, 0, 0, 0, 0, 0, 0, 0, 0, 0, 0, 0, 0, 0, 0, 0, 0, 0, 0, 0, 0, 0; 0, 0, 0, 0, 0, 0, 0, 0, 0, 0, 0, 0, 0, 0, 0, 0, 0, 0, 0, 0, 0, 0, 0, 0, 0, 0, 0, 0, 0, 0, 0, 0, 0, 0, 0, 0, 0, 0, 0, 0, 0, 0, 0, 0, 0, 0, 0, 0, 0, 0, 0; 0, 0, 0, 0, 0, 0, 0, 0, 0, 0, 0, 0, 0, 0, 0, 0, 0, 0, 0, 0, 0, 0, 0, 0, 0, 0, 0, 0, 0, 0, 0, 0, 0, 0, 0, 0, 0, 0, 0, 0, 0, 0, 0, 0, 0, 0, 0, 0, 0, 0, 0; 0, 0, 0, 0, 0, 0, 0, 0, 0, 0, 0, 0, 0, 0, 0, 0, 0, 3, 13, 29, 41, 63, 35, 21, 6, 0, 0, 0, 0, 0, 0, 0, 0, 0, 0, 0, 0, 0, 0, 0, 0, 0, 0, 0, 0, 0, 0, 0, 0, 0, 0; 0, 0, 0, 0, 0, 0, 0, 0, 0, 0, 0, 0, 0, 0, 0, 7, 54, 216, 609, 752, 858, 964, 861, 691, 419, 144, 16, 0, 0, 0, 0, 0, 0, 1, 10, 30, 46, 38, 25, 21, 13, 2, 0, 0, 0, 0, 0, 0, 0, 0, 0; 0, 2, 4, 15, 15, 12, 1, 0, 0, 0, 0, 0, 0, 0, 23, 255, 838, 1147, 1177, 1217, 1189, 1238, 1237, 1116, 1144, 1002, 560, 76, 0, 0, 0, 0, 16, 123, 436, 638, 898, 859, 643, 356, 323, 245, 60, 1, 0, 0, 0, 0, 0, 0, 0; 72, 257, 450, 603, 649, 551, 365, 156, 26, 0, 0, 0, 0, 31, 356, 1068, 1093, 1206, 1187, 1129, 1189, 1214, 1180, 1115, 1207, 1213, 1084, 797, 123, 0, 2, 47, 426, 966, 1192, 1176, 1226, 1199, 1151, 1125, 1054, 1080, 774, 288, 12, 0, 0, 0, 0, 0, 6; 823, 1069, 1193, 1151, 1050, 1174, 1027, 1031, 672, 166, 3, 0, 10, 307, 967, 1191, 1158, 1118, 1215, 1152, 1188, 1235, 1107, 1204, 1214, 1201, 1233, 1134, 817, 68, 52, 650, 1217, 1166, 1238, 1239, 1234, 1180, 1203, 1225, 1137, 1134, 1105, 1061, 359, 10, 0, 0, 0, 28, 277; 1087, 1204, 1140, 1144, 1164, 1171, 1173, 1123, 1190, 931, 310, 3, 113, 960, 1123, 1148, 1279, 1198, 1222, 1175, 1221, 1160, 1229, 1184, 1165, 1191, 1225, 1177, 1157, 559, 626, 1273, 1266, 1289, 1279, 1225, 1237, 1277, 1156, 1203, 1254, 1239, 1267, 1231, 982, 301, 0, 0, 37, 480, 1012; 1130, 1116, 1151, 1119, 1109, 1109, 1133, 1206, 1138, 1147, 1055, 253, 532, 1084, 1170, 1106, 1107, 1153, 1195, 1170, 1174, 1085, 1163, 1166, 1143, 1235, 1238, 1200, 1296, 988, 1251, 1299, 1293, 1187, 1279, 1258, 1158, 1269, 1233, 1175, 1155, 1205, 1183, 1178, 1149, 943, 123, 23, 528, 990, 1126; 1135, 1128, 1095, 1149, 1085, 992, 1141, 1073, 1122, 1066, 1125, 789, 1089, 1065, 1146, 1186, 1105, 1130, 1205, 1099, 1149, 1151, 1178, 1155, 1220, 1250, 1178, 1244, 1179, 1151, 1267, 1263, 1164, 1262, 1186, 1135, 1216, 1194, 1254, 1168, 1164, 1228, 1224, 1255, 1184, 1202, 571, 367, 1096, 1100, 1162; 1143, 1142, 1100, 1086, 1151, 1079, 1042, 1075, 1038, 1020, 1052, 927, 1111, 1130, 1142, 1151, 1147, 1100, 1166, 1164, 1182, 1144, 1254, 1215, 1202, 1203, 1161, 1204, 1210, 1277, 1305, 1336, 1158, 1225, 1288, 1200, 1266, 1162, 1158, 1112, 1135, 1173, 1142, 1134, 1136, 1232, 899, 995, 1179, 1203, 1172; 1130, 1112, 1074, 1080, 1080, 1060, 1054, 1029, 1067, 1027, 1104, 1053, 1154, 1169, 1118, 1079, 1111, 1119, 1111, 1139, 1233, 1178, 1160, 1241, 1254, 1246, 1245, 1170, 1276, 1314, 1263, 1165, 1241, 1165, 1240, 1195, 1167, 1164, 1214, 1178, 1176, 1164, 1191, 1190, 1099, 1185, 1122, 1194, 1213, 1194, 1129; 1111, 1129, 1070, 1138, 1120, 1084, 1088, 1041, 982, 1021, 1012, 1077, 1184, 1182, 1124, 1001, 1145, 1046, 1092, 1211, 1226, 1238, 1267, 1250, 1191, 1234, 1344, 1249, 1278, 1268, 1187, 1285, 1225, 1298, 1248, 1296, 1263, 1143, 1259, 1219, 1184, 1162, 1214, 1164, 1153, 1162, 1224, 1129, 1224, 1220, 1187; 1141, 1184, 1106, 1157, 1089, 1029, 994, 1060, 1077, 1136, 1065, 1116, 1191, 1130, 1127, 1111, 1123, 1196, 1152, 1229, 1191, 1204, 1265, 1347, 1269, 1266, 1266, 1302, 1254, 1262, 1179, 1223, 1249, 1197, 1227, 1296, 1259, 1239, 1233, 1234, 1221, 1177, 1218, 1214, 1104, 1124, 1139, 1175, 1204, 1254, 1154; 1098, 1140, 1151, 1163, 1143, 1062, 1109, 1147, 1125, 1077, 1089, 1203, 1240, 1164, 1190, 1225, 1167, 1294, 1255, 1210, 1204, 1265, 1248, 1255, 1346, 1376, 1233, 1232, 1195, 1232, 1315, 1297, 1196, 1255, 1296, 1299, 1224, 1258, 1246, 1192, 1250, 1185, 1270, 1216, 1213, 1097, 1084, 1218, 1222, 1171, 1264; 1119, 1201, 1154, 1257, 1097, 1121, 1180, 1139, 1149, 1152, 1204, 1165, 1247, 1157, 1185, 1224, 1285, 1307, 1204, 1231, 1306, 1268, 1340, 1329, 1308, 1275, 1223, 1285, 1259, 1290, 1253, 1172, 1285, 1270, 1253, 1264, 1271, 1273, 1263, 1255, 1278, 1213, 1257, 1255, 1226, 1088, 1207, 1211, 1218, 1158, 1216; 1201, 1089, 1195, 1201, 1181, 1063, 1185, 1160, 1184, 1207, 1137, 1176, 1229, 1231, 1204, 1164, 1298, 1219, 1265, 1320, 1196, 1234, 1272, 1275, 1218, 1305, 1341, 1278, 1258, 1239, 1237, 1203, 1313, 1364, 1254, 1327, 1258, 1245, 1206, 1245, 1202, 1243, 1175, 1209, 1198, 1083, 1240, 1182, 1168, 1233, 1181; 1155, 1122, 1157, 1178, 1227, 1201, 1236, 1165, 1215, 1262, 1188, 1218, 1224, 1284, 1270, 1223, 1211, 1275, 1242, 1240, 1219, 1229, 1279, 1267, 1312, 1305, 1279, 1255, 1273, 1265, 1286, 1270, 1278, 1279, 1297, 1235, 1236, 1204, 1234, 1231, 1232, 1262, 1187, 1227, 1126, 1199, 1240, 1241, 1279, 1331, 1188; 1132, 1103, 1112, 1184, 1225, 1232, 1292, 1217, 1314, 1249, 1173, 1201, 1262, 1255, 1290, 1299, 1245, 1288, 1275, 1213, 1244, 1314, 1230, 1322, 1320, 1293, 1310, 1328, 1272, 1299, 1174, 1292, 1345, 1262, 1266, 1273, 1270, 1198, 1268, 1195, 1170, 1230, 1254, 1171, 1238, 1179, 1198, 1186, 1190, 1289, 1180; 1127, 1094, 1164, 1247, 1230, 1275, 1212, 1303, 1317, 1276, 1217, 1276, 1235, 1260, 1297, 1403, 1329, 1282, 1365, 1187, 1250, 1313, 1268, 1283, 1309, 1277, 1323, 1381, 1355, 1333, 1241, 1316, 1308, 1292, 1225, 1218, 1177, 1275, 1234, 1189, 1292, 1240, 1270, 1152, 1117, 1105, 1125, 1137, 1250, 1252, 1237; 1082, 1001, 1248, 1266, 1259, 1297, 1223, 1267, 1191, 1291, 1263, 1204, 1217, 1200, 1266, 1303, 1323, 1307, 1307, 1287, 1281, 1260, 1299, 1361, 1344, 1315, 1371, 1393, 1353, 1302, 1269, 1321, 1267, 1264, 1264, 1265, 1215, 1234, 1243, 1245, 1223, 1247, 1296, 1224, 1238, 1127, 1122, 1078, 1057, 1282, 1198; 734, 979, 1097, 1199, 1199, 1221, 1266, 1213, 1199, 1274, 1248, 1156, 1222, 1218, 1187, 1326, 1272, 1251, 1324, 1315, 1376, 1334, 1432, 1430, 1358, 1334, 1401, 1421, 1368, 1355, 1315, 1268, 1297, 1231, 1201, 1192, 1111, 1160, 1179, 1237, 1132, 1248, 1216, 1213, 1178, 1150, 893, 626, 462, 805, 703; 415, 483, 567, 799, 1097, 1167, 1014, 1126, 1008, 1109, 1067, 919, 890, 958, 908, 968, 930, 927, 856, 1009, 1156, 1220, 1384, 1462, 1551, 1641, 1615, 1609, 1317, 1043, 889, 922, 1043, 990, 973, 748, 805, 912, 847, 845, 676, 651, 614, 560, 483, 559, 403, 311, 256, 329, 332; 331, 470, 478, 592, 760, 551, 574, 591, 436, 352, 262, 440, 493, 547, 473, 479, 493, 635, 724, 1076, 1255, 1344, 1259, 1560, 1890, 2195, 1971, 1986, 1763, 1120, 607, 743, 776, 899, 723, 737, 826, 805, 838, 858, 648, 629, 433, 269, 309, 310, 303, 318, 264, 323, 308; 342, 283, 348, 363, 328, 395, 304, 245, 254, 256, 320, 435, 356, 323, 383, 438, 706, 983, 1068, 1302, 1374, 1353, 1452, 2044, 2768, 3019, 2791, 2026, 2068, 1590, 787, 455, 456, 481, 639, 631, 710, 874, 825, 741, 776, 690, 677, 417, 221, 254, 240, 236, 249, 278, 287; 239, 258, 246, 266, 265, 220, 244, 277, 288, 282, 243, 202, 237, 234, 266, 638, 907, 941, 1242, 1206, 1552, 1606, 1811, 2690, 4586, 4762, 3116, 2310, 2310, 1974, 1265, 550, 556, 503, 407, 348, 362, 329, 290, 346, 355, 353, 340, 341, 291, 206, 203, 180, 218, 230, 255; 161, 205, 184, 230, 309, 306, 297, 212, 224, 258, 266, 278, 394, 458, 321, 541, 873, 869, 980, 1282, 1661, 1702, 2110, 4232, 6002, 4663, 2816, 2366, 2250, 2229, 1857, 1294, 1072, 968, 967, 1008, 1001, 1091, 933, 786, 794, 759, 678, 550, 478, 362, 218, 186, 127, 158, 140; 221, 294, 633, 946, 970, 1088, 1209, 1111, 941, 998, 1099, 857, 1308, 893, 347, 1173, 1666, 1532, 1198, 1484, 1667, 1789, 2412, 4916, 4995, 3558, 2961, 2536, 2085, 2344, 2120, 1638, 1441, 1410, 1410, 1509, 1297, 1237, 1120, 1064, 1022, 872, 834, 767, 751, 